{
 "cells": [
  {
   "cell_type": "code",
   "execution_count": 34,
   "metadata": {},
   "outputs": [],
   "source": [
    "import data_analysis.data as data\n",
    "import pandas as pd\n",
    "import pulp\n",
    "import itertools\n",
    "import numpy as np\n",
    "\n",
    "\n",
    "\n",
    "# set depot latitude and longitude (just took coordinates for Leith)\n",
    "depot_latitude = 55.972941\n",
    "depot_longitude = -3.157436\n",
    "\n",
    "\n",
    "# get names of all existing stations\n",
    "october_data = data.load_data('10.csv')\n",
    "october_data = october_data.drop(index=[5806,5853])\n",
    "unique_stations = october_data.start_station_name.unique()"
   ]
  },
  {
   "cell_type": "code",
   "execution_count": 35,
   "metadata": {},
   "outputs": [],
   "source": [
    "\n",
    "#create empty dataframe\n",
    "df_loc = pd.DataFrame(columns = ['station_name', 'latitude', 'longitude'])\n",
    "\n",
    "# extract coordinates for each station\n",
    "for station in unique_stations:\n",
    "    lat = (october_data[october_data['start_station_name'] == station].iloc[0,6])\n",
    "    long = (october_data[october_data['start_station_name'] == station].iloc[0,7])\n",
    "    new_row = {'station_name': station, 'latitude': lat, 'longitude': long}\n",
    "    #append row to the dataframe\n",
    "    df_loc = df_loc.append(new_row, ignore_index=True)\n",
    "\n"
   ]
  },
  {
   "cell_type": "code",
   "execution_count": 36,
   "metadata": {},
   "outputs": [
    {
     "data": {
      "text/html": [
       "<div>\n",
       "<style scoped>\n",
       "    .dataframe tbody tr th:only-of-type {\n",
       "        vertical-align: middle;\n",
       "    }\n",
       "\n",
       "    .dataframe tbody tr th {\n",
       "        vertical-align: top;\n",
       "    }\n",
       "\n",
       "    .dataframe thead th {\n",
       "        text-align: right;\n",
       "    }\n",
       "</style>\n",
       "<table border=\"1\" class=\"dataframe\">\n",
       "  <thead>\n",
       "    <tr style=\"text-align: right;\">\n",
       "      <th></th>\n",
       "      <th>station_name</th>\n",
       "      <th>latitude</th>\n",
       "      <th>longitude</th>\n",
       "      <th>demand</th>\n",
       "    </tr>\n",
       "  </thead>\n",
       "  <tbody>\n",
       "    <tr>\n",
       "      <th>0</th>\n",
       "      <td>depot</td>\n",
       "      <td>55.972941</td>\n",
       "      <td>-3.157436</td>\n",
       "      <td>0</td>\n",
       "    </tr>\n",
       "    <tr>\n",
       "      <th>1</th>\n",
       "      <td>EICC</td>\n",
       "      <td>55.946071</td>\n",
       "      <td>-3.210396</td>\n",
       "      <td>5</td>\n",
       "    </tr>\n",
       "    <tr>\n",
       "      <th>2</th>\n",
       "      <td>Morningside Road</td>\n",
       "      <td>55.927985</td>\n",
       "      <td>-3.209750</td>\n",
       "      <td>5</td>\n",
       "    </tr>\n",
       "    <tr>\n",
       "      <th>3</th>\n",
       "      <td>St Andrews House</td>\n",
       "      <td>55.953164</td>\n",
       "      <td>-3.181682</td>\n",
       "      <td>5</td>\n",
       "    </tr>\n",
       "    <tr>\n",
       "      <th>4</th>\n",
       "      <td>Haymarket Station</td>\n",
       "      <td>55.945569</td>\n",
       "      <td>-3.218185</td>\n",
       "      <td>5</td>\n",
       "    </tr>\n",
       "    <tr>\n",
       "      <th>...</th>\n",
       "      <td>...</td>\n",
       "      <td>...</td>\n",
       "      <td>...</td>\n",
       "      <td>...</td>\n",
       "    </tr>\n",
       "    <tr>\n",
       "      <th>106</th>\n",
       "      <td>Borrowman Square</td>\n",
       "      <td>55.982606</td>\n",
       "      <td>-3.381455</td>\n",
       "      <td>5</td>\n",
       "    </tr>\n",
       "    <tr>\n",
       "      <th>107</th>\n",
       "      <td>Tesco Ferrymuir</td>\n",
       "      <td>55.983766</td>\n",
       "      <td>-3.401352</td>\n",
       "      <td>5</td>\n",
       "    </tr>\n",
       "    <tr>\n",
       "      <th>108</th>\n",
       "      <td>Picardy Place</td>\n",
       "      <td>55.956535</td>\n",
       "      <td>-3.186248</td>\n",
       "      <td>5</td>\n",
       "    </tr>\n",
       "    <tr>\n",
       "      <th>109</th>\n",
       "      <td>Scotstoun House</td>\n",
       "      <td>55.981107</td>\n",
       "      <td>-3.394211</td>\n",
       "      <td>5</td>\n",
       "    </tr>\n",
       "    <tr>\n",
       "      <th>110</th>\n",
       "      <td>Eden Locke - Aparthotel (RESIDENTS ONLY)</td>\n",
       "      <td>55.952619</td>\n",
       "      <td>-3.205678</td>\n",
       "      <td>5</td>\n",
       "    </tr>\n",
       "  </tbody>\n",
       "</table>\n",
       "<p>111 rows × 4 columns</p>\n",
       "</div>"
      ],
      "text/plain": [
       "                                 station_name   latitude  longitude  demand\n",
       "0                                       depot  55.972941  -3.157436       0\n",
       "1                                        EICC  55.946071  -3.210396       5\n",
       "2                            Morningside Road  55.927985  -3.209750       5\n",
       "3                            St Andrews House  55.953164  -3.181682       5\n",
       "4                           Haymarket Station  55.945569  -3.218185       5\n",
       "..                                        ...        ...        ...     ...\n",
       "106                          Borrowman Square  55.982606  -3.381455       5\n",
       "107                           Tesco Ferrymuir  55.983766  -3.401352       5\n",
       "108                             Picardy Place  55.956535  -3.186248       5\n",
       "109                           Scotstoun House  55.981107  -3.394211       5\n",
       "110  Eden Locke - Aparthotel (RESIDENTS ONLY)  55.952619  -3.205678       5\n",
       "\n",
       "[111 rows x 4 columns]"
      ]
     },
     "execution_count": 36,
     "metadata": {},
     "output_type": "execute_result"
    }
   ],
   "source": [
    "# add a for each station for the planning period\n",
    "demand = [5] * len(unique_stations)\n",
    "df_loc['demand'] = demand\n",
    "\n",
    "# add depot to top of the dataframe\n",
    "depot = pd.DataFrame ({'station_name': 'depot', 'latitude': depot_latitude, 'longitude': depot_longitude, 'demand': 0}, index=[0])\n",
    "df_loc = pd.concat([depot, df_loc]).reset_index(drop=True)\n",
    "\n",
    "    \n",
    "df_loc\n"
   ]
  },
  {
   "cell_type": "code",
   "execution_count": 37,
   "metadata": {},
   "outputs": [
    {
     "name": "stderr",
     "output_type": "stream",
     "text": [
      "<ipython-input-37-cf2b7945b5e2>:5: SettingWithCopyWarning: \n",
      "A value is trying to be set on a copy of a slice from a DataFrame\n",
      "\n",
      "See the caveats in the documentation: https://pandas.pydata.org/pandas-docs/stable/user_guide/indexing.html#returning-a-view-versus-a-copy\n",
      "  df_loc.demand[3] = -15\n",
      "C:\\Users\\Nikolas\\anaconda3\\lib\\site-packages\\IPython\\core\\interactiveshell.py:3343: SettingWithCopyWarning: \n",
      "A value is trying to be set on a copy of a slice from a DataFrame\n",
      "\n",
      "See the caveats in the documentation: https://pandas.pydata.org/pandas-docs/stable/user_guide/indexing.html#returning-a-view-versus-a-copy\n",
      "  exec(code_obj, self.user_global_ns, self.user_ns)\n",
      "<ipython-input-37-cf2b7945b5e2>:6: SettingWithCopyWarning: \n",
      "A value is trying to be set on a copy of a slice from a DataFrame\n",
      "\n",
      "See the caveats in the documentation: https://pandas.pydata.org/pandas-docs/stable/user_guide/indexing.html#returning-a-view-versus-a-copy\n",
      "  df_loc.demand[8] = -10\n",
      "<ipython-input-37-cf2b7945b5e2>:7: SettingWithCopyWarning: \n",
      "A value is trying to be set on a copy of a slice from a DataFrame\n",
      "\n",
      "See the caveats in the documentation: https://pandas.pydata.org/pandas-docs/stable/user_guide/indexing.html#returning-a-view-versus-a-copy\n",
      "  df_loc.demand[5] = -5\n",
      "<ipython-input-37-cf2b7945b5e2>:8: SettingWithCopyWarning: \n",
      "A value is trying to be set on a copy of a slice from a DataFrame\n",
      "\n",
      "See the caveats in the documentation: https://pandas.pydata.org/pandas-docs/stable/user_guide/indexing.html#returning-a-view-versus-a-copy\n",
      "  df_loc.demand[12] = -10\n"
     ]
    },
    {
     "data": {
      "text/html": [
       "<div>\n",
       "<style scoped>\n",
       "    .dataframe tbody tr th:only-of-type {\n",
       "        vertical-align: middle;\n",
       "    }\n",
       "\n",
       "    .dataframe tbody tr th {\n",
       "        vertical-align: top;\n",
       "    }\n",
       "\n",
       "    .dataframe thead th {\n",
       "        text-align: right;\n",
       "    }\n",
       "</style>\n",
       "<table border=\"1\" class=\"dataframe\">\n",
       "  <thead>\n",
       "    <tr style=\"text-align: right;\">\n",
       "      <th></th>\n",
       "      <th>station_name</th>\n",
       "      <th>latitude</th>\n",
       "      <th>longitude</th>\n",
       "      <th>demand</th>\n",
       "    </tr>\n",
       "  </thead>\n",
       "  <tbody>\n",
       "    <tr>\n",
       "      <th>0</th>\n",
       "      <td>depot</td>\n",
       "      <td>55.972941</td>\n",
       "      <td>-3.157436</td>\n",
       "      <td>0</td>\n",
       "    </tr>\n",
       "    <tr>\n",
       "      <th>1</th>\n",
       "      <td>EICC</td>\n",
       "      <td>55.946071</td>\n",
       "      <td>-3.210396</td>\n",
       "      <td>5</td>\n",
       "    </tr>\n",
       "    <tr>\n",
       "      <th>2</th>\n",
       "      <td>Morningside Road</td>\n",
       "      <td>55.927985</td>\n",
       "      <td>-3.209750</td>\n",
       "      <td>5</td>\n",
       "    </tr>\n",
       "    <tr>\n",
       "      <th>3</th>\n",
       "      <td>St Andrews House</td>\n",
       "      <td>55.953164</td>\n",
       "      <td>-3.181682</td>\n",
       "      <td>-15</td>\n",
       "    </tr>\n",
       "    <tr>\n",
       "      <th>4</th>\n",
       "      <td>Haymarket Station</td>\n",
       "      <td>55.945569</td>\n",
       "      <td>-3.218185</td>\n",
       "      <td>5</td>\n",
       "    </tr>\n",
       "    <tr>\n",
       "      <th>5</th>\n",
       "      <td>Abbeyhill</td>\n",
       "      <td>55.955248</td>\n",
       "      <td>-3.172216</td>\n",
       "      <td>-5</td>\n",
       "    </tr>\n",
       "    <tr>\n",
       "      <th>6</th>\n",
       "      <td>Dynamic Earth</td>\n",
       "      <td>55.951089</td>\n",
       "      <td>-3.175725</td>\n",
       "      <td>5</td>\n",
       "    </tr>\n",
       "    <tr>\n",
       "      <th>7</th>\n",
       "      <td>Meadow Place</td>\n",
       "      <td>55.940238</td>\n",
       "      <td>-3.194640</td>\n",
       "      <td>5</td>\n",
       "    </tr>\n",
       "    <tr>\n",
       "      <th>8</th>\n",
       "      <td>Royal Edinburgh Hospital</td>\n",
       "      <td>55.927818</td>\n",
       "      <td>-3.213308</td>\n",
       "      <td>-10</td>\n",
       "    </tr>\n",
       "    <tr>\n",
       "      <th>9</th>\n",
       "      <td>Boroughmuir</td>\n",
       "      <td>55.940071</td>\n",
       "      <td>-3.215336</td>\n",
       "      <td>5</td>\n",
       "    </tr>\n",
       "    <tr>\n",
       "      <th>10</th>\n",
       "      <td>Hunter Square</td>\n",
       "      <td>55.949798</td>\n",
       "      <td>-3.187795</td>\n",
       "      <td>5</td>\n",
       "    </tr>\n",
       "    <tr>\n",
       "      <th>11</th>\n",
       "      <td>Scotland Street</td>\n",
       "      <td>55.960380</td>\n",
       "      <td>-3.195470</td>\n",
       "      <td>5</td>\n",
       "    </tr>\n",
       "    <tr>\n",
       "      <th>12</th>\n",
       "      <td>Leith Walk</td>\n",
       "      <td>55.965040</td>\n",
       "      <td>-3.176686</td>\n",
       "      <td>-10</td>\n",
       "    </tr>\n",
       "    <tr>\n",
       "      <th>13</th>\n",
       "      <td>South Trinity Road</td>\n",
       "      <td>55.971325</td>\n",
       "      <td>-3.207964</td>\n",
       "      <td>5</td>\n",
       "    </tr>\n",
       "    <tr>\n",
       "      <th>14</th>\n",
       "      <td>Duke Street</td>\n",
       "      <td>55.969012</td>\n",
       "      <td>-3.167395</td>\n",
       "      <td>5</td>\n",
       "    </tr>\n",
       "  </tbody>\n",
       "</table>\n",
       "</div>"
      ],
      "text/plain": [
       "                station_name   latitude  longitude  demand\n",
       "0                      depot  55.972941  -3.157436       0\n",
       "1                       EICC  55.946071  -3.210396       5\n",
       "2           Morningside Road  55.927985  -3.209750       5\n",
       "3           St Andrews House  55.953164  -3.181682     -15\n",
       "4          Haymarket Station  55.945569  -3.218185       5\n",
       "5                  Abbeyhill  55.955248  -3.172216      -5\n",
       "6              Dynamic Earth  55.951089  -3.175725       5\n",
       "7               Meadow Place  55.940238  -3.194640       5\n",
       "8   Royal Edinburgh Hospital  55.927818  -3.213308     -10\n",
       "9                Boroughmuir  55.940071  -3.215336       5\n",
       "10             Hunter Square  55.949798  -3.187795       5\n",
       "11           Scotland Street  55.960380  -3.195470       5\n",
       "12                Leith Walk  55.965040  -3.176686     -10\n",
       "13        South Trinity Road  55.971325  -3.207964       5\n",
       "14               Duke Street  55.969012  -3.167395       5"
      ]
     },
     "execution_count": 37,
     "metadata": {},
     "output_type": "execute_result"
    }
   ],
   "source": [
    "# preselection mechanisms:\n",
    "# 1) \n",
    "\n",
    "df_loc = df_loc.head(15)\n",
    "df_loc.demand[3] = -15\n",
    "df_loc.demand[8] = -10\n",
    "df_loc.demand[5] = -5\n",
    "df_loc.demand[12] = -10\n",
    "\n",
    "df_loc"
   ]
  },
  {
   "cell_type": "code",
   "execution_count": 38,
   "metadata": {},
   "outputs": [
    {
     "name": "stdout",
     "output_type": "stream",
     "text": [
      "       station_1           station_2  distance\n",
      "0          depot               depot  0.000000\n",
      "1          depot                EICC  4.450458\n",
      "2          depot    Morningside Road  5.968153\n",
      "3          depot    St Andrews House  2.667888\n",
      "4          depot   Haymarket Station  4.855551\n",
      "..           ...                 ...       ...\n",
      "220  Duke Street       Hunter Square  2.486156\n",
      "221  Duke Street     Scotland Street  1.994215\n",
      "222  Duke Street          Leith Walk  0.727842\n",
      "223  Duke Street  South Trinity Road  2.538368\n",
      "224  Duke Street         Duke Street  0.000000\n",
      "\n",
      "[225 rows x 3 columns]\n",
      "15\n"
     ]
    },
    {
     "data": {
      "text/plain": [
       "array([[0.        , 4.4504581 , 5.96815317, 2.66788846, 4.85555123,\n",
       "        2.17249779, 2.68403808, 4.31265347, 6.10722445, 5.1347332 ,\n",
       "        3.19366842, 2.74923787, 1.486047  , 3.15015638, 0.75847272],\n",
       "       [4.4504581 , 0.        , 2.01201765, 1.9546422 , 0.48829771,\n",
       "        2.587644  , 2.23040542, 1.17651538, 2.03829759, 0.73479855,\n",
       "        1.46744352, 1.84314621, 2.97627735, 2.81317236, 3.69876335],\n",
       "       [5.96815317, 2.01201765, 0.        , 3.30162567, 2.02524171,\n",
       "        3.82910709, 3.3312285 , 1.65635453, 0.22249196, 1.38865914,\n",
       "        2.7851309 , 3.71137646, 4.60740589, 4.821989  , 5.27095102],\n",
       "       [2.66788846, 1.9546422 , 3.30162567, 0.        , 2.42526442,\n",
       "        0.63339731, 0.43694519, 1.64886089, 3.4393955 , 2.55235254,\n",
       "        0.53400024, 1.17525917, 1.3570407 , 2.59960723, 1.97444338],\n",
       "       [4.85555123, 0.48829771, 2.02524171, 2.42526442, 0.        ,\n",
       "        3.05856975, 2.71484263, 1.58197453, 1.9977146 , 0.63676655,\n",
       "        1.95031347, 2.17131932, 3.37163579, 2.93466916, 4.09887482],\n",
       "       [2.17249779, 2.587644  , 3.82910709, 0.63339731, 3.05856975,\n",
       "        0.        , 0.51154368, 2.176718  , 3.98255438, 3.17208872,\n",
       "        1.14400986, 1.55640731, 1.12415259, 2.85501378, 1.56009413],\n",
       "       [2.68403808, 2.23040542, 3.3312285 , 0.43694519, 2.71484263,\n",
       "        0.51154368, 0.        , 1.686737  , 3.49024148, 2.75485368,\n",
       "        0.76534097, 1.60613225, 1.55284925, 3.0158401 , 2.0598453 ],\n",
       "       [4.31265347, 1.17651538, 1.65635453, 1.64886089, 1.58197453,\n",
       "        2.176718  , 1.686737  , 0.        , 1.80584238, 1.289371  ,\n",
       "        1.14564526, 2.2409976 , 2.97670078, 3.55602176, 3.62242215],\n",
       "       [6.10722445, 2.03829759, 0.22249196, 3.4393955 , 1.9977146 ,\n",
       "        3.98255438, 3.49024148, 1.80584238, 0.        , 1.36877919,\n",
       "        2.91598869, 3.7884085 , 4.72691191, 4.85073477, 5.40104196],\n",
       "       [5.1347332 , 0.73479855, 1.38865914, 2.55235254, 0.63676655,\n",
       "        3.17208872, 2.75485368, 1.289371  , 1.36877919, 0.        ,\n",
       "        2.02808421, 2.5755054 , 3.6750722 , 3.50654908, 4.3902859 ],\n",
       "       [3.19366842, 1.46744352, 2.7851309 , 0.53400024, 1.95031347,\n",
       "        1.14400986, 0.76534097, 1.14564526, 2.91598869, 2.02808421,\n",
       "        0.        , 1.27038829, 1.83106781, 2.70382894, 2.48615596],\n",
       "       [2.74923787, 1.84314621, 3.71137646, 1.17525917, 2.17131932,\n",
       "        1.55640731, 1.60613225, 2.2409976 , 3.7884085 , 2.5755054 ,\n",
       "        1.27038829, 0.        , 1.2791911 , 1.44470356, 1.99421486],\n",
       "       [1.486047  , 2.97627735, 4.60740589, 1.3570407 , 3.37163579,\n",
       "        1.12415259, 1.55284925, 2.97670078, 4.72691191, 3.6750722 ,\n",
       "        1.83106781, 1.2791911 , 0.        , 2.06872884, 0.72784244],\n",
       "       [3.15015638, 2.81317236, 4.821989  , 2.59960723, 2.93466916,\n",
       "        2.85501378, 3.0158401 , 3.55602176, 4.85073477, 3.50654908,\n",
       "        2.70382894, 1.44470356, 2.06872884, 0.        , 2.53836753],\n",
       "       [0.75847272, 3.69876335, 5.27095102, 1.97444338, 4.09887482,\n",
       "        1.56009413, 2.0598453 , 3.62242215, 5.40104196, 4.3902859 ,\n",
       "        2.48615596, 1.99421486, 0.72784244, 2.53836753, 0.        ]])"
      ]
     },
     "execution_count": 38,
     "metadata": {},
     "output_type": "execute_result"
    }
   ],
   "source": [
    "\n",
    "df_dist = pd.DataFrame(columns = ['station_1', 'station_2', 'distance'])\n",
    "# calculate distances\n",
    "for station_1 in df_loc['station_name']:\n",
    "    for station_2 in df_loc['station_name']:\n",
    "        lat_1 = df_loc[df_loc['station_name'] == station_1].iloc[0,1]\n",
    "        long_1 = df_loc[df_loc['station_name'] == station_1].iloc[0,2]\n",
    "        \n",
    "        lat_2 = df_loc[df_loc['station_name'] == station_2].iloc[0,1]\n",
    "        long_2 = df_loc[df_loc['station_name'] == station_2].iloc[0,2]\n",
    "        \n",
    "        dist = data.compute_distance(lat_1, long_1, lat_2, long_2)\n",
    "        \n",
    "        new_row = {'station_1': station_1, 'station_2': station_2, 'distance': dist}\n",
    "        #append row to the dataframe\n",
    "        df_dist = df_dist.append(new_row, ignore_index=True)\n",
    "\n",
    "print(df_dist)\n",
    "# calculate distance matrix\n",
    "\n",
    "num_of_stations = len(df_dist['station_1'].unique())\n",
    "print(num_of_stations)\n",
    "\n",
    "dist_matrix = np.zeros((num_of_stations,num_of_stations))\n",
    "for i in range(num_of_stations):\n",
    "    for j in range(num_of_stations):\n",
    "        dist_matrix[i][j] = df_dist.iloc[i*num_of_stations + j, 2]\n",
    "\n",
    "dist_matrix"
   ]
  },
  {
   "cell_type": "code",
   "execution_count": 39,
   "metadata": {},
   "outputs": [
    {
     "name": "stdout",
     "output_type": "stream",
     "text": [
      "15\n"
     ]
    }
   ],
   "source": [
    "# Parameter initialisation\n",
    "\n",
    "# the number of vehicles\n",
    "vehicle_count = 1\n",
    "\n",
    "# number of stations\n",
    "station_count = len(df_dist['station_1'].unique())\n",
    "print(station_count)\n",
    "\n",
    "# vehicle capacity\n",
    "vehicle_capacity = 15"
   ]
  },
  {
   "cell_type": "code",
   "execution_count": 40,
   "metadata": {},
   "outputs": [
    {
     "name": "stdout",
     "output_type": "stream",
     "text": [
      "Vehicle Requirements: 1\n",
      "cost approx: 99.54885849111186\n",
      "bikes transported from depot to South Trinity Road 10.0\n",
      "bikes transported from EICC to Haymarket Station 10.0\n",
      "bikes transported from Morningside Road to Meadow Place 5.0\n",
      "bikes transported from St Andrews House to EICC 15.0\n",
      "bikes transported from Haymarket Station to Boroughmuir 5.0\n",
      "bikes transported from Abbeyhill to Duke Street 5.0\n",
      "bikes transported from Dynamic Earth to Hunter Square 5.0\n",
      "bikes transported from Meadow Place to Abbeyhill 0.0\n",
      "bikes transported from Royal Edinburgh Hospital to Morningside Road 10.0\n",
      "bikes transported from Boroughmuir to Royal Edinburgh Hospital 0.0\n",
      "bikes transported from Hunter Square to St Andrews House 0.0\n",
      "bikes transported from Scotland Street to Leith Walk 0.0\n",
      "bikes transported from Leith Walk to Dynamic Earth 10.0\n",
      "bikes transported from South Trinity Road to Scotland Street 5.0\n",
      "bikes transported from Duke Street to depot 0.0\n"
     ]
    }
   ],
   "source": [
    "# set up an optimisation model with pulp\n",
    "\n",
    "for vehicle_count in range(1,vehicle_count+1):\n",
    "    \n",
    "    # definition of LpProblem instance\n",
    "    problem = pulp.LpProblem(\"bike_reallocation\", pulp.LpMinimize)\n",
    "\n",
    "    # definition of decision variables: x(1,j,k) 1 if vehicle k drives from i to j\n",
    "    # exclude variables for driving to same station (unnecessary)\n",
    "    x = [[[pulp.LpVariable(\"x%s_%s,%s\"%(i,j,k), cat=\"Binary\") if i != j else None for k in range(vehicle_count)]for j in range(station_count)] for i in range(station_count)]\n",
    "    # flow of bikes variables: how many bikes are transported from i to j\n",
    "    f = [[pulp.LpVariable(\"f%s_%s\"%(i,j), cat=\"Continuous\", lowBound = 0) if i != j else None for j in range(station_count)] for i in range(station_count)]\n",
    "    # for subtour elimination\n",
    "    u = [[pulp.LpVariable(\"u%s_%s\"%(i,k), cat=\"Continuous\", lowBound = 0) for k in range(vehicle_count)] for i in range(station_count)]\n",
    "    \n",
    "    \n",
    "    # objective function: distance as a first measure of cost\n",
    "    problem += pulp.lpSum(dist_matrix[i][j] * x[i][j][k] + f[i][j] if i != j else 0\n",
    "                          for k in range(vehicle_count) \n",
    "                          for j in range(station_count) \n",
    "                          for i in range(station_count))\n",
    "\n",
    "    # constraints\n",
    "    # only one visit per vehicle per bike station\n",
    "    for j in range(1, station_count):\n",
    "        problem += pulp.lpSum(x[i][j][k] if i != j else 0 \n",
    "                              for i in range(station_count) \n",
    "                              for k in range(vehicle_count)) == 1 \n",
    "\n",
    "    # exactly one departure and one arrival from depot/back to depot per vehicle \n",
    "    for k in range(vehicle_count):\n",
    "        problem += pulp.lpSum(x[0][j][k] for j in range(1,station_count)) == 1\n",
    "        problem += pulp.lpSum(x[i][0][k] for i in range(1,station_count)) == 1\n",
    "\n",
    "    # flow constraint: if vehicle drives to node it also has to leave it\n",
    "    for k in range(vehicle_count):\n",
    "        for j in range(station_count):\n",
    "            problem += pulp.lpSum(x[i][j][k] if i != j else 0 \n",
    "                                  for i in range(station_count)) -  pulp.lpSum(x[j][i][k] for i in range(station_count)) == 0\n",
    "\n",
    "    \n",
    "    \n",
    "    # flow of bikes varies according to demand at every node\n",
    "    # negative demand implies that bikes have to be picked up\n",
    "    for i in range(1, station_count):\n",
    "        problem += pulp.lpSum(f[j][i] for j in range(station_count)) - pulp.lpSum(f[i][j] for j in range(station_count)) == df_loc.demand[i]\n",
    "    \n",
    "    # flow of bikes between two stations cannot exceed vehicle capacity\n",
    "    for i in range(station_count):\n",
    "        for j in range(station_count):\n",
    "            problem += f[i][j] <= vehicle_capacity * pulp.lpSum(x[i][j][k] if i != j else 0 for k in range(vehicle_count))\n",
    "    \n",
    "    # flow of bikes between two stations cannot be negative\n",
    "    for i in range(station_count):\n",
    "        for j in range(station_count):\n",
    "            if i != j:\n",
    "                problem += f[i][j] >= 0\n",
    "                \n",
    "    # MTZ formulation\n",
    "    for k in range(vehicle_count):\n",
    "        for i in range(1,station_count):\n",
    "            for j in range(1,station_count):\n",
    "                if i != j:\n",
    "                    problem += u[i][k] - u[j][k] + (station_count) * x[i][j][k] <= station_count - 1\n",
    "                \n",
    "\n",
    "    for i in range(1,station_count):\n",
    "        problem += u[i][k] <= station_count - 1 \n",
    "        problem += u[i][k] >= 1\n",
    "    \n",
    "    # constraint for the removal of subtours\n",
    "    #subtours = []\n",
    "    #for i in range(2,station_count):\n",
    "     #    subtours += itertools.combinations(range(1,station_count), i)\n",
    "\n",
    "   # for s in subtours:\n",
    "      #  problem += pulp.lpSum(x[i][j][k] if i !=j else 0 for i, j in itertools.permutations(s,2) for k in range(vehicle_count)) <= len(s) - 1\n",
    "\n",
    "    \n",
    "    # print vehicle_count which is needed for solving the problem\n",
    "    # print calculated minimum distance value\n",
    "    if problem.solve() == 1:\n",
    "        print('Vehicle Requirements:', vehicle_count)\n",
    "        print('cost approx:', pulp.value(problem.objective))\n",
    "        for i in range(station_count):\n",
    "            for j in range(station_count):\n",
    "                for k in range(vehicle_count):\n",
    "                    if i!=j and pulp.value(x[i][j][k]) != 0:\n",
    "                        print(f'bikes transported from {df_loc.station_name[i]} to {df_loc.station_name[j]}', pulp.value(f[i][j]))\n",
    "                        \n",
    "        break\n",
    "    else:\n",
    "        print('not solved to optimality')\n",
    "        \n",
    "   "
   ]
  },
  {
   "cell_type": "code",
   "execution_count": 41,
   "metadata": {},
   "outputs": [
    {
     "data": {
